name: video2video
channels:
  - conda-forge
  - defaults
dependencies:
  - aom=3.5.0=h63175ca_0
  - av=10.0.0=py310hb38378f_2
  - bzip2=1.0.8=he774522_0
  - ca-certificates=2022.9.24=h5b45459_0
  - certifi=2022.9.24=pyhd8ed1ab_0
  - expat=2.5.0=h1537add_0
  - ffmpeg=5.1.2=gpl_h6a9407d_103
  - font-ttf-dejavu-sans-mono=2.37=hab24e00_0
  - font-ttf-inconsolata=3.000=h77eed37_0
  - font-ttf-source-code-pro=2.038=h77eed37_0
  - font-ttf-ubuntu=0.83=hab24e00_0
  - fontconfig=2.14.1=hbde0cde_0
  - fonts-conda-ecosystem=1=0
  - fonts-conda-forge=1=0
  - freetype=2.12.1=h546665d_0
  - intel-openmp=2022.1.0=h57928b3_3787
  - jpeg=9e=h8ffe710_2
  - lcms2=2.14=h90d422f_0
  - lerc=4.0.0=h63175ca_0
  - libblas=3.9.0=16_win64_mkl
  - libcblas=3.9.0=16_win64_mkl
  - libdeflate=1.14=hcfcfb64_0
  - libffi=3.4.2=hd77b12b_4
  - libiconv=1.17=h8ffe710_0
  - liblapack=3.9.0=16_win64_mkl
  - libpng=1.6.38=h19919ed_0
  - libtiff=4.4.0=h8e97e67_4
  - libwebp-base=1.2.4=h8ffe710_0
  - libxcb=1.13=hcd874cb_1004
  - libxml2=2.10.3=hc3477c8_0
  - libzlib=1.2.13=hcfcfb64_4
  - m2w64-gcc-libgfortran=5.3.0=6
  - m2w64-gcc-libs=5.3.0=7
  - m2w64-gcc-libs-core=5.3.0=7
  - m2w64-gmp=6.1.0=2
  - m2w64-libwinpthread-git=5.0.0.4634.697f757=2
  - mkl=2022.1.0=h6a75c08_874
  - msys2-conda-epoch=20160418=1
  - numpy=1.23.4=py310h4a8f9c9_1
  - openh264=2.3.1=h63175ca_1
  - openjpeg=2.5.0=hc9384bd_1
  - openssl=1.1.1s=hcfcfb64_0
  - pillow=9.2.0=py310hd4fb230_3
  - pip=22.2.2=py310haa95532_0
  - pthread-stubs=0.4=hcd874cb_1001
  - python=3.10.6=hbb2ffb3_1
  - python_abi=3.10=2_cp310
  - setuptools=65.5.0=py310haa95532_0
  - sqlite=3.39.3=h2bbff1b_0
  - svt-av1=1.3.0=h63175ca_0
  - tbb=2021.6.0=h91493d7_1
  - tk=8.6.12=h2bbff1b_0
  - tzdata=2022f=h04d1e81_0
  - ucrt=10.0.22621.0=h57928b3_0
  - vc=14.2=h21ff451_1
  - vs2015_runtime=14.32.31332=h1d6e394_9
  - wheel=0.37.1=pyhd3eb1b0_0
  - wincertstore=0.2=py310haa95532_2
  - x264=1!164.3095=h8ffe710_2
  - x265=3.5=h2d74725_3
  - xorg-libxau=1.0.9=hcd874cb_0
  - xorg-libxdmcp=1.1.3=hcd874cb_0
  - xz=5.2.6=h8cc25b3_0
  - zlib=1.2.13=hcfcfb64_4
  - zstd=1.5.2=h7755175_4
  - pip:
    - charset-normalizer==2.1.1
    - idna==3.4
    - imageio==2.22.4
    - imageio-ffmpeg==0.4.7
    - psutil==5.9.4
    - requests==2.28.1
    - urllib3==1.26.12
prefix: video2video
